1000
0 1
0 16
0 21
0 63
0 151
0 215
0 228
0 264
0 315
0 326
0 380
0 494
0 677
0 702
0 822
0 902
1 2
1 188
1 351
1 429
1 497
1 500
1 761
1 780
1 804
1 807
1 890
2 3
2 224
2 239
2 288
2 390
2 524
2 532
2 676
2 753
2 812
3 4
3 74
3 121
3 123
3 191
3 397
3 599
3 737
3 861
3 944
4 5
4 144
4 159
4 192
4 201
4 402
4 485
4 547
4 561
4 602
4 723
4 745
4 822
4 945
4 990
5 6
5 70
5 142
5 374
5 500
5 581
5 634
5 724
5 736
5 737
5 747
5 794
5 888
5 904
6 7
6 52
6 115
6 223
6 606
6 723
6 908
6 914
6 991
7 8
7 30
7 136
7 283
7 335
7 345
7 673
7 786
7 845
7 885
7 976
8 9
8 41
8 58
8 74
8 174
8 191
8 270
8 370
8 571
8 853
8 918
8 954
8 955
8 977
9 10
9 53
9 96
9 142
9 267
9 325
9 385
9 641
9 843
9 845
9 856
9 969
10 11
10 51
10 65
10 103
10 187
10 202
10 284
10 315
10 425
10 489
10 511
10 530
10 540
10 907
10 954
11 12
11 96
11 117
11 311
11 360
11 527
11 599
11 684
11 718
11 751
11 928
11 996
12 13
12 49
12 109
12 123
12 131
12 149
12 171
12 219
12 234
12 374
12 581
12 588
12 668
13 14
13 105
13 109
13 132
13 141
13 175
13 193
13 307
13 560
13 918
14 15
14 503
14 555
14 637
14 891
14 913
14 952
15 16
15 105
15 228
15 351
15 601
15 646
15 662
15 679
15 700
15 763
15 938
15 958
16 17
16 91
16 117
16 253
16 562
16 624
16 637
16 896
17 18
17 30
17 177
17 249
17 497
17 549
17 723
17 758
17 961
18 19
18 189
18 255
18 461
18 540
18 626
18 698
19 20
19 128
19 193
19 220
19 335
19 536
19 659
19 695
19 744
19 854
19 876
19 883
20 21
20 25
20 27
20 54
20 164
20 359
20 408
20 556
20 580
20 707
20 891
20 950
21 22
21 52
21 568
21 898
21 919
21 933
21 971
22 23
22 84
22 197
22 676
22 907
23 24
23 37
23 139
23 145
23 302
23 351
23 366
23 479
23 504
23 549
23 659
23 762
23 900
23 993
24 25
24 216
24 499
24 635
24 719
24 960
25 26
25 85
25 208
25 455
25 517
25 538
25 602
25 824
26 27
26 212
26 251
26 380
26 487
26 577
26 622
26 703
26 898
27 28
27 153
27 218
27 266
27 276
27 478
27 669
27 679
27 725
27 796
27 829
27 884
28 29
28 531
28 584
28 627
28 631
28 674
28 767
28 775
28 868
29 30
29 69
29 71
29 184
29 341
29 405
29 502
29 541
29 596
29 664
29 727
29 776
29 883
29 930
29 968
30 31
30 245
30 331
30 574
30 579
30 591
30 655
30 722
30 883
31 32
31 173
31 394
31 415
31 438
31 515
31 539
31 650
31 832
31 882
31 928
31 930
31 934
31 993
32 33
32 48
32 141
32 142
32 148
32 313
32 316
32 333
32 466
32 616
32 625
32 702
32 719
32 761
32 794
32 812
32 822
32 898
32 980
33 34
33 118
33 268
33 287
33 295
33 304
33 567
33 621
33 703
33 726
33 788
33 844
33 951
34 35
34 141
34 308
34 573
34 588
34 648
34 717
34 878
34 989
35 36
35 145
35 193
35 382
35 464
35 556
35 650
35 844
35 856
35 917
36 37
36 114
36 126
36 196
36 480
36 773
36 786
36 810
36 853
36 958
37 38
37 69
37 117
37 655
37 871
37 894
37 997
38 39
38 64
38 89
38 125
38 265
38 268
38 348
38 358
38 383
38 445
38 529
38 632
38 820
38 917
39 40
39 201
39 247
39 336
39 467
39 500
39 755
39 860
40 41
40 112
40 261
40 287
40 472
40 489
40 557
40 723
40 772
40 778
40 779
40 818
40 995
40 999
41 42
41 75
41 105
41 163
41 190
41 216
41 289
41 673
41 684
41 827
41 941
42 43
42 272
42 311
42 741
42 894
42 909
42 977
43 44
43 249
43 271
43 346
43 424
43 459
43 552
43 689
43 724
43 725
43 788
43 970
44 45
44 115
44 121
44 163
44 165
44 188
44 233
44 485
44 672
44 737
44 851
44 887
45 46
45 129
45 176
45 265
45 428
45 460
45 470
45 472
45 602
45 745
45 851
45 883
46 47
46 119
46 137
46 170
46 261
46 263
46 524
46 527
46 625
47 48
47 320
47 488
47 532
47 574
47 699
47 773
47 778
47 823
47 867
48 49
48 117
48 185
48 195
48 240
48 401
48 454
48 494
48 678
48 769
48 915
48 917
49 50
49 96
49 137
49 222
49 450
49 598
49 725
49 969
49 993
50 51
50 124
50 369
50 421
50 427
50 493
50 565
50 590
50 666
50 887
51 52
51 76
51 123
51 270
51 399
51 494
51 513
51 758
51 761
51 953
52 53
52 80
52 303
52 372
52 437
52 471
52 561
52 703
52 758
52 766
52 874
52 892
53 54
53 91
53 427
53 505
53 627
53 811
53 843
53 903
54 55
54 219
54 310
54 412
54 561
54 636
54 650
54 817
54 858
54 894
54 910
54 986
55 56
55 135
55 284
55 323
55 507
55 668
55 669
55 672
55 689
55 990
56 57
56 103
56 138
56 184
56 338
56 409
56 521
56 607
56 712
56 946
56 958
57 58
57 83
57 122
57 215
57 300
57 342
57 397
57 410
57 525
57 589
57 702
57 764
57 794
57 832
57 869
57 973
58 59
58 319
58 371
58 428
58 563
58 614
58 622
58 693
58 740
58 769
58 931
59 60
59 312
59 388
59 499
59 500
59 515
59 542
59 555
60 61
60 77
60 125
60 197
60 227
60 447
60 514
60 607
60 694
60 880
60 891
61 62
61 478
61 564
61 701
61 728
61 793
61 874
61 982
62 63
62 280
62 328
62 819
62 965
63 64
63 78
63 87
63 592
63 761
63 876
64 65
64 273
64 322
64 415
64 482
64 595
64 726
64 809
64 918
64 931
65 66
65 86
65 114
65 139
65 141
65 147
65 176
65 338
65 496
65 679
65 700
65 895
66 67
66 133
66 147
66 505
66 670
66 851
67 68
67 96
67 103
67 334
67 391
67 410
67 440
67 508
67 583
67 771
67 791
67 825
67 867
67 881
68 69
68 115
68 235
68 301
68 338
68 480
68 582
68 797
68 976
68 983
69 70
69 268
69 297
69 340
69 459
69 513
69 716
69 789
70 71
70 235
70 331
70 456
70 497
70 537
70 886
70 924
71 72
71 171
71 666
71 695
71 850
71 901
71 952
72 73
72 118
72 252
72 524
72 635
72 808
72 876
72 891
72 924
72 996
73 74
73 138
73 454
73 486
73 593
73 875
73 878
73 978
74 75
74 104
74 223
74 270
74 302
74 353
74 387
74 490
74 723
74 763
74 771
74 775
74 828
74 895
74 967
75 76
75 116
75 333
75 618
75 885
75 941
75 943
76 77
76 79
76 143
76 231
76 438
76 454
76 502
76 604
76 606
76 774
76 914
77 78
77 109
77 369
77 470
77 481
77 487
77 636
77 766
77 936
77 981
78 79
78 403
78 466
78 510
78 549
78 607
78 654
78 664
78 750
78 823
78 843
78 846
78 934
79 80
79 188
79 396
79 473
79 661
79 685
79 824
79 826
80 81
80 155
80 218
80 253
80 285
80 444
80 548
80 888
80 981
81 82
81 238
81 366
81 732
81 761
81 787
81 858
82 83
82 301
82 389
82 574
82 657
82 710
82 739
82 886
83 84
83 181
83 277
83 288
83 473
83 520
83 623
83 668
83 824
83 905
83 960
83 977
83 985
84 85
84 102
84 225
84 237
84 238
84 283
84 442
84 486
84 533
84 571
84 576
84 621
84 656
84 664
84 681
84 761
84 845
84 888
84 978
85 86
85 143
85 326
85 337
85 422
85 529
85 570
85 753
85 853
85 924
85 945
86 87
86 134
86 147
86 252
86 351
86 417
86 426
86 522
86 683
86 803
86 832
87 88
87 290
87 379
87 461
87 469
87 672
87 813
88 89
88 90
88 138
88 223
88 376
88 434
88 441
88 443
88 488
88 679
88 713
88 716
88 721
88 745
88 834
88 869
89 90
89 230
89 282
89 382
89 468
89 477
89 603
89 883
89 917
89 992
90 91
90 136
90 177
90 200
90 204
90 230
90 455
90 480
90 686
90 830
90 870
90 964
90 999
91 92
91 291
91 361
91 430
91 434
91 515
91 739
92 93
92 186
92 270
92 274
92 300
92 573
92 642
92 672
92 678
92 693
92 732
92 993
93 94
93 259
93 464
93 465
93 588
93 624
93 806
93 844
94 95
94 122
94 294
94 498
94 638
95 96
95 345
95 431
95 477
95 583
95 635
95 685
95 961
96 97
96 100
96 221
96 622
96 764
96 865
97 98
97 121
97 435
97 498
97 524
97 707
97 716
97 720
97 771
97 839
98 99
98 110
98 129
98 152
98 218
98 258
98 282
98 390
98 437
98 582
98 687
98 699
98 744
98 769
98 868
99 100
99 139
99 223
99 319
99 343
99 363
99 389
99 420
99 437
99 532
99 596
99 643
99 659
99 851
99 927
100 101
100 299
100 381
100 399
100 410
100 529
100 550
100 636
100 723
100 772
100 856
100 895
100 911
101 102
101 113
101 164
101 236
101 242
101 275
101 384
101 567
101 602
101 725
101 848
102 103
102 206
102 359
102 429
102 613
102 659
102 859
102 878
102 934
102 994
103 104
103 147
103 357
103 676
103 754
103 767
103 957
104 105
104 183
104 252
104 277
104 298
104 345
104 392
104 423
104 568
104 626
105 106
105 168
105 233
105 337
105 471
105 539
105 812
105 983
106 107
106 230
106 345
106 504
106 605
106 658
106 836
107 108
107 259
107 285
107 305
107 395
107 407
107 458
107 574
107 578
107 599
107 865
107 869
108 109
108 222
108 581
108 623
108 946
109 110
109 190
109 349
109 378
109 818
109 879
109 923
109 986
109 994
110 111
110 181
110 212
110 221
110 311
110 523
110 640
110 789
110 858
110 861
110 958
111 112
111 295
111 337
111 347
111 424
111 487
111 598
111 653
111 685
111 707
111 736
111 930
111 933
111 949
112 113
112 265
112 364
112 552
112 671
112 788
112 872
113 114
113 253
113 307
113 361
113 384
113 517
113 609
113 720
113 819
113 889
114 115
114 385
114 421
114 645
114 758
115 116
115 213
115 326
115 352
115 676
115 852
115 980
116 117
116 128
116 158
116 237
116 252
116 329
116 332
116 353
116 355
116 525
116 615
116 622
116 691
116 694
116 732
116 788
116 857
116 859
116 869
116 882
116 962
116 963
116 970
116 982
117 118
117 237
117 302
117 344
117 489
117 611
117 811
117 964
118 119
118 152
118 247
118 304
118 311
118 362
118 417
118 441
118 444
118 530
118 558
118 746
118 784
118 818
119 120
119 140
119 146
119 255
119 269
119 337
119 471
119 576
119 649
119 694
119 746
119 766
119 781
119 825
119 928
120 121
120 261
120 338
120 835
120 882
120 908
120 926
120 983
121 122
121 124
121 150
121 222
121 293
121 344
121 411
121 433
121 495
121 587
121 651
121 653
121 668
121 701
122 123
122 125
122 605
122 653
122 702
122 737
122 838
123 124
123 131
123 176
123 215
123 220
123 289
123 355
123 500
123 714
123 731
123 911
124 125
124 213
124 215
124 428
124 492
124 502
124 613
124 620
124 656
124 788
124 828
124 839
124 875
124 954
125 126
125 262
125 285
125 329
125 337
125 600
125 615
125 701
125 733
125 845
126 127
126 171
126 210
126 305
126 524
126 525
126 564
126 633
126 670
126 797
126 856
126 975
127 128
127 165
127 411
127 487
127 558
127 593
127 659
127 690
127 693
127 769
127 983
127 984
128 129
128 145
128 327
128 355
128 374
128 435
128 514
128 526
128 567
128 703
128 719
128 775
128 815
128 973
128 976
129 130
129 371
129 439
129 466
129 496
129 630
129 772
129 839
129 992
129 995
130 131
130 177
130 230
130 231
130 469
130 534
130 706
130 809
130 935
130 951
131 132
131 190
131 337
131 461
131 661
131 880
131 909
131 944
131 978
132 133
132 193
132 208
132 327
132 357
132 362
132 557
132 574
132 730
132 854
132 936
132 946
133 134
133 201
133 202
133 232
133 234
133 307
133 716
133 852
133 884
133 906
134 135
134 216
134 366
134 405
134 434
134 677
134 700
134 886
134 984
135 136
135 276
135 296
135 349
135 435
135 488
135 509
135 621
135 665
135 781
135 947
135 954
136 137
136 221
136 281
136 359
136 412
136 451
136 567
136 655
136 669
136 839
137 138
137 144
137 185
137 236
137 286
137 320
137 337
137 537
137 550
137 763
137 866
137 958
138 139
138 166
138 327
138 691
138 792
139 140
139 156
139 165
139 232
139 248
139 324
139 339
139 782
139 803
139 855
139 900
139 913
139 929
139 997
140 141
140 276
140 324
140 431
140 452
140 550
140 729
140 798
140 939
141 142
141 180
141 248
141 315
141 427
141 457
141 575
141 644
141 669
141 687
141 928
142 143
142 400
142 506
142 601
142 610
142 707
142 825
142 954
142 982
143 144
143 580
143 663
144 145
144 533
144 765
144 819
145 146
145 155
145 286
145 299
145 454
145 499
145 523
145 630
145 816
145 936
145 971
146 147
146 199
146 267
146 280
146 426
146 619
146 647
146 686
146 700
146 845
146 847
146 902
146 984
147 148
147 163
147 170
147 205
147 240
147 285
147 312
147 404
147 613
147 649
147 701
147 704
147 826
147 899
147 913
147 997
148 149
148 164
148 229
148 258
148 520
148 526
148 841
148 914
149 150
149 331
149 775
150 151
150 287
150 432
150 489
150 571
150 965
151 152
151 202
151 216
151 321
151 352
151 392
151 419
151 528
151 756
151 779
151 904
152 153
152 386
152 450
152 477
152 566
152 617
152 654
152 684
152 738
152 756
152 805
152 834
152 938
152 953
153 154
153 538
153 579
153 655
153 756
153 777
153 847
153 875
154 155
154 331
154 372
154 782
154 799
154 871
155 156
155 178
155 221
155 244
155 273
155 315
155 513
155 599
155 610
156 157
156 246
156 270
156 414
156 425
156 449
156 477
156 525
156 532
156 561
156 621
156 683
156 763
156 772
156 828
156 856
156 898
157 158
157 179
157 219
157 584
157 639
157 689
157 774
157 838
157 931
157 969
158 159
158 393
158 396
158 633
158 661
158 754
158 830
158 883
158 928
159 160
159 195
159 263
159 340
159 447
159 741
159 924
160 161
160 191
160 210
160 458
160 496
160 580
160 636
160 767
160 850
160 946
161 162
161 520
161 543
161 568
161 624
161 629
161 717
161 753
161 917
161 947
162 163
162 267
162 408
162 477
162 506
162 532
162 641
162 659
162 904
162 938
162 989
163 164
163 197
163 202
163 250
163 359
163 460
163 633
163 729
163 731
163 737
163 904
163 906
163 963
163 983
164 165
164 242
164 248
164 259
164 271
164 272
164 286
164 319
164 346
164 483
164 504
164 571
164 742
164 926
165 166
165 168
165 214
165 238
165 316
165 964
165 976
165 995
166 167
166 199
166 220
166 297
166 526
166 535
166 603
166 793
166 890
167 168
167 230
167 252
167 437
167 504
167 538
167 573
167 611
167 759
167 783
167 845
167 924
168 169
168 462
168 640
168 695
168 767
168 914
169 170
169 221
169 256
169 271
169 283
169 427
169 447
169 759
169 767
170 171
170 196
170 243
170 272
170 369
170 380
170 382
170 456
170 510
170 718
170 787
170 899
170 970
171 172
171 299
171 335
171 359
171 402
171 439
171 536
171 782
171 981
172 173
172 287
172 533
172 568
172 622
172 625
172 813
172 882
172 923
173 174
173 362
173 491
173 507
173 608
174 175
174 212
174 305
174 366
174 371
174 467
174 529
174 718
174 874
175 176
175 197
175 224
175 234
175 589
175 695
175 776
176 177
176 228
176 284
176 309
176 331
176 481
176 607
176 877
176 891
176 905
177 178
177 248
177 358
177 409
177 541
177 554
177 652
177 760
177 929
177 979
177 982
178 179
178 200
178 232
178 270
178 352
178 465
178 501
178 557
178 927
179 180
179 281
179 373
179 385
179 822
180 181
180 189
180 264
180 382
180 424
180 529
180 608
180 642
180 683
180 842
180 896
180 931
181 182
181 236
181 315
181 363
181 573
181 609
181 778
182 183
182 202
182 266
182 306
182 366
182 613
182 631
182 735
183 184
183 349
183 582
183 620
183 731
183 788
183 857
183 911
183 971
184 185
184 222
184 307
184 341
184 371
184 445
184 534
184 584
184 603
184 635
184 654
184 730
184 783
184 845
184 974
184 982
185 186
185 287
185 357
185 687
185 717
185 850
185 957
186 187
186 424
186 428
186 845
186 914
186 991
187 188
187 218
187 268
187 394
187 612
187 636
187 658
187 715
187 766
187 974
188 189
188 474
188 495
188 534
188 709
188 739
188 753
188 775
188 776
189 190
189 265
189 307
189 369
189 461
189 489
189 505
189 568
189 600
189 621
189 650
189 665
189 867
189 892
189 917
189 924
189 946
189 995
190 191
190 582
190 598
190 725
190 729
190 770
190 784
190 808
190 999
191 192
191 245
191 348
191 398
191 411
191 481
191 577
191 877
191 959
192 193
192 447
192 519
192 813
192 819
192 826
193 194
193 305
193 430
193 487
193 516
193 543
193 617
193 682
193 717
193 788
193 850
193 890
193 961
194 195
194 268
194 758
194 981
195 196
195 298
195 396
195 522
195 533
195 654
195 674
195 715
195 758
195 830
195 971
195 995
196 197
196 298
196 421
196 457
196 505
196 545
196 802
196 963
197 198
197 254
197 434
197 490
197 494
197 502
197 628
197 655
197 707
197 712
197 768
197 899
198 199
198 226
198 461
198 476
198 633
198 857
198 922
198 928
199 200
199 258
199 526
199 779
200 201
200 232
200 354
200 499
200 559
200 584
200 647
200 773
200 818
200 895
200 957
201 202
201 218
201 245
201 814
201 835
201 918
202 203
202 252
202 286
202 325
202 356
202 414
202 416
202 489
202 503
202 559
202 625
202 703
202 723
202 855
203 204
203 282
203 432
203 507
203 533
203 619
203 696
203 780
203 814
203 920
203 944
204 205
204 675
204 694
204 973
205 206
205 516
205 631
205 801
205 914
206 207
206 210
206 242
206 754
206 770
206 878
206 908
206 932
206 996
207 208
207 382
207 705
207 734
208 209
208 395
208 510
208 611
208 650
208 655
208 770
208 916
208 983
208 989
209 210
209 218
209 360
209 403
209 420
209 494
209 550
209 670
209 688
209 839
209 938
210 211
210 238
210 421
210 660
210 706
210 708
210 816
210 963
211 212
211 290
211 664
211 711
211 957
211 981
212 213
212 343
212 463
212 624
212 629
212 667
212 711
212 761
212 853
212 988
212 993
213 214
213 223
213 443
213 550
213 574
213 575
213 723
213 871
213 920
213 924
214 215
214 442
214 500
214 508
214 525
214 946
215 216
215 271
215 293
215 388
215 534
215 542
215 561
215 665
215 721
215 839
215 843
216 217
216 284
216 387
216 395
216 454
216 545
216 608
216 612
216 657
216 707
216 738
216 785
216 946
217 218
217 400
217 440
217 467
217 523
217 880
217 978
217 990
218 219
218 386
218 544
218 556
218 575
218 655
218 705
218 841
219 220
219 326
219 417
219 439
219 441
219 502
219 824
219 865
220 221
220 224
220 288
220 311
220 433
220 438
220 518
220 551
220 569
220 694
220 768
221 222
221 236
221 361
221 432
222 223
222 722
222 849
222 961
223 224
223 406
223 483
223 630
223 693
223 831
223 893
223 896
223 933
224 225
224 311
224 412
224 450
224 568
224 577
224 672
224 767
224 874
225 226
225 277
225 280
225 387
225 898
225 938
225 940
225 952
225 971
226 227
226 628
226 768
226 908
226 925
226 935
226 984
226 998
227 228
227 254
227 260
227 314
227 324
227 367
227 439
227 468
227 529
227 580
227 595
227 622
227 965
228 229
228 277
228 316
228 401
228 528
228 653
228 741
228 764
228 873
228 883
228 969
229 230
229 314
229 382
229 395
229 686
229 749
229 821
229 981
230 231
230 266
230 304
230 340
230 373
230 487
230 495
230 744
230 896
231 232
231 306
231 614
231 816
231 905
232 233
232 376
232 399
232 475
232 496
232 557
232 568
232 610
232 628
232 776
233 234
233 241
233 358
233 570
233 585
233 804
234 235
234 316
234 362
234 455
234 787
234 901
235 236
235 263
235 473
235 514
235 723
235 750
235 779
235 856
235 971
236 237
236 263
236 523
236 782
236 854
237 238
237 342
237 344
237 348
237 352
237 492
237 583
237 642
237 692
237 702
237 752
237 845
237 999
238 239
238 310
238 377
238 378
238 518
238 584
238 679
238 859
238 874
239 240
239 256
239 480
239 652
239 677
239 938
240 241
240 271
240 549
240 824
240 925
240 972
241 242
241 461
241 550
242 243
242 296
242 321
242 415
242 505
242 534
242 552
242 565
242 622
242 659
242 777
242 780
242 800
242 834
242 959
242 971
242 979
243 244
243 298
243 606
243 720
243 750
244 245
244 277
244 314
244 530
244 696
244 808
244 907
245 246
245 265
245 271
245 480
245 570
245 638
245 920
245 973
245 988
246 247
246 315
246 365
246 397
246 434
246 499
246 579
246 606
246 877
246 892
247 248
247 390
247 642
247 734
247 818
247 840
247 870
248 249
248 276
248 305
248 314
248 468
248 686
248 760
248 880
249 250
249 276
249 293
249 311
249 620
249 700
249 758
249 887
249 913
249 936
249 971
250 251
250 267
250 272
250 352
250 533
250 557
250 656
250 755
250 877
250 881
250 979
250 989
251 252
251 607
251 690
251 900
251 998
252 253
252 314
252 362
252 508
252 512
252 521
252 632
252 686
252 692
252 717
252 787
252 952
253 254
253 727
253 837
253 872
253 884
253 936
253 962
254 255
254 341
254 557
254 643
254 835
254 925
254 983
254 998
255 256
255 413
255 444
255 824
255 891
256 257
256 304
256 372
256 379
256 521
256 561
256 583
256 686
256 687
256 710
256 833
256 980
257 258
257 266
257 278
257 284
257 321
257 328
257 627
257 690
257 695
257 738
257 799
257 808
257 865
257 873
257 992
258 259
258 295
258 383
258 448
258 539
258 673
258 911
258 971
258 988
258 992
259 260
259 284
259 365
259 420
259 517
259 522
259 654
259 822
259 826
259 856
259 933
260 261
260 374
260 559
260 583
260 795
260 816
260 881
261 262
261 271
261 736
261 834
261 880
261 895
261 900
262 263
262 378
262 803
262 817
262 869
262 996
263 264
263 265
263 470
263 498
263 532
263 886
263 930
263 995
264 265
264 267
264 522
264 642
264 684
264 701
264 790
264 889
264 912
264 919
264 946
264 964
265 266
265 279
265 281
265 451
265 527
265 548
265 665
265 694
265 698
265 921
266 267
266 320
266 333
266 339
266 348
266 349
266 585
266 688
266 826
267 268
267 400
267 519
267 530
267 547
267 589
267 657
267 733
267 821
267 825
267 945
267 975
268 269
268 363
268 584
268 694
268 697
268 755
268 791
268 993
269 270
269 359
269 525
270 271
270 397
270 408
270 608
270 722
270 737
270 763
270 988
271 272
271 290
271 340
271 437
271 470
271 492
271 493
271 591
271 679
271 722
271 927
271 984
272 273
272 288
272 291
272 369
272 380
272 480
272 565
272 682
272 693
272 764
272 785
272 811
272 862
272 908
272 928
272 984
273 274
273 632
273 642
273 889
274 275
274 294
274 298
274 380
274 472
274 571
274 589
274 844
274 878
275 276
275 581
275 590
275 621
275 756
275 783
275 933
275 982
276 277
276 309
276 390
276 431
276 594
276 734
276 885
277 278
277 426
277 491
277 493
277 522
277 579
277 599
277 615
277 715
277 860
278 279
278 532
278 570
278 620
278 683
278 689
278 724
278 995
279 280
279 293
279 329
279 337
279 446
279 673
279 749
279 784
280 281
280 285
280 476
280 712
280 753
280 772
280 809
280 950
281 282
281 296
281 314
281 369
281 381
281 433
281 524
281 535
281 577
281 657
281 695
281 744
281 934
282 283
282 307
282 381
282 399
282 558
282 725
282 777
282 786
282 797
282 871
282 901
283 284
283 536
283 923
284 285
284 372
284 477
284 622
284 638
284 783
284 842
284 941
285 286
285 290
285 293
285 294
285 498
285 602
285 679
285 787
285 935
286 287
286 413
286 421
286 550
286 604
286 649
286 692
286 707
286 874
286 902
286 958
287 288
287 311
287 312
287 398
287 412
287 773
287 885
287 953
287 979
288 289
288 659
288 745
288 770
288 831
288 868
288 879
288 959
289 290
289 347
289 364
289 384
289 546
289 874
289 924
289 975
289 994
290 291
290 366
290 444
290 532
290 535
290 575
290 742
290 774
290 796
290 877
291 292
291 507
291 582
291 966
292 293
292 330
292 437
292 443
292 600
292 614
292 629
292 673
292 696
292 727
292 842
292 950
293 294
293 501
293 569
293 574
293 700
293 721
293 723
293 906
294 295
294 353
294 451
294 483
294 595
294 798
294 808
295 296
295 434
295 555
295 779
296 297
296 467
296 474
296 630
296 794
296 886
297 298
297 385
297 598
297 706
297 730
297 741
297 840
298 299
298 400
298 442
298 548
298 609
298 849
298 949
298 960
299 300
299 388
299 471
299 498
299 585
299 674
299 786
299 895
299 896
299 960
300 301
300 484
300 512
300 631
300 825
301 302
301 317
301 339
301 465
301 590
301 614
301 630
301 632
301 719
301 768
301 833
301 883
302 303
302 377
302 547
302 671
302 754
302 789
303 304
303 353
303 424
303 575
303 597
303 634
303 849
303 905
303 913
303 940
304 305
304 339
304 601
304 626
304 665
304 720
304 730
304 904
305 306
305 417
305 582
305 604
305 752
305 772
305 836
305 935
306 307
306 363
306 464
306 533
306 566
306 760
306 859
306 896
306 915
306 966
307 308
307 424
307 463
307 716
307 730
307 768
307 982
308 309
308 317
308 318
308 327
308 384
308 663
308 779
308 883
308 931
308 986
309 310
309 318
309 386
309 496
309 504
309 529
309 675
309 833
309 842
309 871
309 924
309 937
310 311
310 349
310 409
310 550
310 596
310 672
310 683
310 863
310 947
311 312
311 522
311 678
311 723
311 736
311 906
312 313
312 426
312 532
312 599
312 645
312 688
312 849
313 314
313 321
313 324
313 332
313 360
313 517
313 605
313 648
313 677
313 798
314 315
314 485
314 676
314 750
314 877
314 911
314 936
315 316
315 332
315 382
315 435
315 722
315 896
316 317
316 583
317 318
317 533
317 656
317 668
318 319
318 346
318 466
318 558
318 630
318 703
318 833
319 320
319 384
319 390
319 409
319 425
319 442
319 585
319 630
319 652
319 723
319 765
319 766
319 886
319 996
320 321
320 339
320 385
320 674
320 817
321 322
321 408
321 424
321 474
321 481
321 591
321 616
321 629
321 779
321 816
321 836
321 942
322 323
322 481
322 738
322 743
322 748
322 754
322 818
323 324
323 505
323 593
323 672
323 790
324 325
324 454
324 696
324 772
324 870
325 326
325 687
325 883
325 902
325 933
325 961
326 327
326 361
326 536
326 572
326 629
326 771
327 328
327 368
327 502
327 503
327 537
327 759
327 941
328 329
328 400
328 559
328 658
328 740
328 794
328 935
328 947
328 980
329 330
329 366
329 380
329 520
329 825
329 844
330 331
330 604
330 639
330 795
330 807
330 905
330 945
331 332
331 412
331 555
331 572
331 639
331 728
331 747
331 901
331 930
332 333
332 344
332 446
332 520
332 749
332 933
332 952
332 990
333 334
333 349
333 382
333 554
333 612
333 721
333 744
333 849
334 335
334 619
334 952
335 336
335 741
335 764
336 337
336 354
336 421
336 454
336 477
336 629
336 630
336 896
336 904
336 940
336 960
337 338
337 713
337 778
337 883
337 999
338 339
338 412
338 615
338 729
339 340
339 412
339 427
339 676
339 699
339 826
339 875
339 876
339 924
340 341
340 473
340 495
340 651
340 730
340 781
340 833
340 869
341 342
341 392
341 676
341 692
341 736
341 929
342 343
342 482
342 499
342 825
343 344
343 350
343 545
343 566
343 762
343 949
344 345
344 367
344 386
344 522
344 568
344 613
344 696
344 775
344 883
345 346
345 427
345 830
345 840
345 944
346 347
346 358
346 465
346 537
346 597
346 627
346 791
346 807
346 981
347 348
347 349
347 383
347 394
347 414
347 474
347 590
347 615
347 704
347 721
347 906
347 949
347 986
348 349
348 563
348 661
348 835
348 867
348 992
349 350
349 404
349 659
349 865
350 351
350 434
350 476
350 512
350 603
350 741
350 847
350 931
350 948
350 974
351 352
351 526
351 607
351 691
351 783
351 830
351 892
351 976
352 353
352 412
352 433
352 450
352 724
352 744
352 787
352 792
352 917
353 354
353 400
353 486
353 515
353 752
354 355
354 430
354 532
354 637
354 890
355 356
355 393
355 456
355 457
355 512
355 603
355 730
356 357
356 381
356 547
356 605
356 648
356 662
356 716
357 358
357 374
357 679
357 693
357 826
357 890
358 359
358 412
358 466
358 487
358 491
358 533
358 592
358 653
358 861
358 869
358 967
358 988
359 360
359 406
359 454
359 478
359 492
359 532
359 564
359 606
359 616
359 809
359 902
359 928
360 361
360 393
360 501
360 509
360 617
360 861
360 899
360 905
360 913
360 939
361 362
361 512
361 514
361 714
361 773
362 363
362 457
362 530
362 532
362 544
362 582
362 714
362 760
362 824
362 997
363 364
363 368
363 662
363 720
363 905
364 365
364 854
365 366
365 378
365 424
365 489
365 524
365 914
365 939
366 367
366 404
366 494
366 549
366 554
366 627
366 713
366 910
366 979
367 368
367 450
367 508
367 519
367 535
367 581
367 583
367 765
367 991
368 369
368 515
368 517
368 592
368 642
368 744
368 852
368 959
368 980
369 370
369 403
369 496
369 577
369 796
369 898
370 371
370 377
370 494
370 503
370 654
370 706
371 372
371 392
371 572
371 604
371 619
372 373
372 463
372 764
372 779
373 374
373 669
373 752
373 851
373 965
373 970
374 375
374 393
374 488
374 494
374 546
374 568
374 957
374 988
375 376
375 551
375 560
375 616
375 625
375 734
376 377
376 445
376 450
376 689
376 761
376 838
376 972
377 378
377 487
377 543
377 576
377 594
377 610
377 851
378 379
378 477
378 597
378 692
378 730
378 917
379 380
379 384
379 490
379 532
379 835
379 946
380 381
380 563
380 694
380 715
380 792
380 866
381 382
381 504
381 506
381 564
381 655
381 748
381 780
381 923
382 383
382 400
382 443
382 576
382 593
382 612
382 719
382 947
382 994
383 384
383 715
383 747
383 807
383 934
384 385
384 665
384 876
384 956
384 996
385 386
385 448
385 474
385 535
385 605
385 738
385 836
385 853
385 948
385 950
385 988
386 387
386 390
386 634
386 672
386 687
386 782
386 855
386 873
386 918
386 979
387 388
387 811
388 389
388 442
388 509
388 818
388 886
389 390
389 768
389 778
389 923
390 391
390 638
390 713
390 729
390 872
390 900
391 392
391 551
391 637
391 695
391 716
391 741
391 848
391 967
392 393
392 436
392 511
392 530
392 534
392 728
392 740
392 744
392 804
392 845
392 846
392 983
393 394
393 591
393 655
393 795
393 886
393 978
394 395
394 414
394 484
394 580
394 646
394 696
394 820
394 832
394 835
394 984
395 396
395 485
395 553
395 719
395 749
395 784
395 848
396 397
396 539
396 868
397 398
397 581
397 713
397 744
397 761
397 931
397 939
398 399
398 487
398 527
398 660
398 674
398 755
398 760
398 824
398 947
399 400
399 451
399 544
399 645
399 790
399 892
400 401
400 409
400 671
400 691
400 806
400 820
401 402
401 465
401 490
401 503
401 934
402 403
402 424
402 439
402 484
402 501
402 683
402 704
402 720
402 799
402 899
402 920
403 404
403 479
403 561
403 611
403 736
403 924
404 405
404 527
404 636
404 709
404 722
404 749
404 751
404 760
404 808
404 911
404 950
404 969
404 996
405 406
405 438
405 452
405 573
405 798
405 976
406 407
406 479
406 496
406 544
406 754
406 827
406 916
406 946
407 408
407 430
407 467
407 520
407 528
407 654
407 724
407 912
407 915
408 409
408 545
408 570
408 706
408 791
408 955
409 410
409 438
409 668
409 747
409 850
409 972
410 411
410 524
410 648
410 679
410 694
410 728
410 755
410 840
410 851
411 412
411 529
411 591
411 700
412 413
412 427
412 428
412 757
412 874
412 902
412 914
413 414
413 457
413 470
413 653
413 698
413 702
413 767
413 955
414 415
414 425
414 438
414 465
414 948
415 416
415 534
415 552
415 553
415 617
415 678
415 685
415 720
415 723
415 796
416 417
416 419
416 426
416 453
416 518
416 648
416 796
416 953
417 418
417 450
417 484
417 508
417 587
417 593
417 672
417 685
417 901
417 916
418 419
418 437
418 474
418 665
418 666
418 684
418 835
418 927
419 420
419 440
419 565
419 606
419 639
419 747
419 796
419 891
420 421
420 428
420 433
420 572
420 593
420 724
420 739
421 422
421 555
421 642
421 666
421 758
421 783
421 827
421 857
421 987
422 423
422 498
422 553
422 949
423 424
423 443
423 477
423 535
423 687
423 777
423 887
424 425
424 469
424 505
424 549
424 572
424 735
424 868
424 883
424 953
425 426
425 467
425 598
425 605
425 615
425 696
425 709
425 761
425 960
426 427
426 499
426 511
426 853
426 894
426 950
427 428
427 582
427 653
427 657
427 672
427 811
427 932
427 979
428 429
428 645
428 657
428 674
428 684
428 894
429 430
429 505
429 531
429 847
429 981
429 989
430 431
430 469
430 543
430 621
430 950
431 432
431 457
431 474
431 546
431 630
431 632
431 745
432 433
432 727
432 914
432 973
432 979
433 434
433 628
433 773
433 781
433 864
433 888
433 945
433 971
434 435
434 533
434 566
434 571
434 805
434 830
434 861
434 891
434 987
435 436
435 497
435 582
435 771
436 437
436 470
436 902
437 438
437 441
437 537
437 563
437 581
437 631
437 735
437 842
437 912
438 439
438 493
438 619
438 881
438 937
439 440
439 552
439 632
439 930
440 441
440 675
440 692
440 763
440 931
440 985
441 442
441 607
441 670
441 754
441 800
441 914
441 980
442 443
442 450
442 516
442 563
442 687
442 710
442 798
442 805
442 886
442 909
442 956
442 961
443 444
443 486
443 525
443 598
444 445
444 596
444 657
444 683
444 775
444 814
444 995
445 446
445 459
445 498
445 505
445 614
445 639
445 652
445 653
445 662
445 682
445 905
445 977
446 447
446 517
446 580
446 605
446 620
446 687
446 722
446 847
447 448
447 556
447 610
447 858
447 900
448 449
448 616
448 662
448 879
449 450
449 483
449 511
449 517
449 766
449 801
449 802
449 826
449 874
449 883
449 950
450 451
450 452
450 531
450 569
450 571
450 577
450 581
450 590
450 635
450 689
450 748
450 795
450 887
451 452
451 870
451 887
452 453
452 506
452 542
452 562
452 856
452 899
452 926
452 931
452 960
453 454
453 459
453 472
453 614
453 832
454 455
454 504
454 530
454 638
454 776
454 875
455 456
455 511
455 529
455 574
455 779
455 856
455 917
456 457
456 513
456 721
456 756
456 848
456 864
457 458
457 497
457 540
457 587
457 674
457 742
457 787
458 459
458 479
458 820
459 460
459 489
459 780
459 794
459 807
459 838
459 968
459 975
460 461
460 544
460 603
460 950
460 980
460 996
461 462
461 475
461 590
461 646
461 647
461 706
461 811
461 851
461 897
461 963
462 463
462 482
462 517
462 556
462 770
462 807
463 464
463 492
463 540
463 757
463 955
464 465
464 498
464 519
464 528
464 550
464 585
464 632
464 634
464 690
464 721
464 793
464 950
464 976
465 466
465 554
465 582
465 597
465 610
465 694
465 745
465 849
465 868
465 995
466 467
466 569
466 694
466 805
466 890
466 896
466 902
466 914
467 468
467 507
467 571
467 593
467 769
467 816
467 831
467 886
467 926
468 469
468 490
468 541
468 603
468 687
468 719
468 797
468 867
469 470
469 504
469 577
469 630
469 640
469 652
469 834
469 885
469 981
469 984
470 471
470 477
470 512
470 564
470 580
470 620
470 642
470 679
470 714
470 798
470 856
470 871
470 957
470 968
470 971
470 988
471 472
471 600
471 822
471 943
472 473
472 783
472 802
473 474
473 501
473 558
473 914
473 964
473 965
474 475
474 729
474 763
474 774
474 920
474 935
475 476
475 484
476 477
476 488
476 496
476 497
476 499
476 965
477 478
477 583
477 597
477 744
477 835
477 859
477 887
477 927
477 959
477 994
478 479
478 521
478 626
478 643
478 766
479 480
479 512
479 736
479 802
479 810
479 962
479 980
480 481
480 596
480 612
480 650
480 806
480 915
481 482
481 487
481 643
481 737
481 746
481 768
481 970
482 483
482 520
483 484
483 614
483 696
483 953
484 485
484 887
484 888
484 965
485 486
485 509
485 564
485 810
485 900
486 487
486 515
486 529
486 578
486 605
486 750
486 823
486 882
487 488
487 513
487 518
487 634
487 752
487 937
488 489
488 625
488 755
488 913
489 490
489 768
489 940
489 961
489 969
490 491
490 499
490 606
490 633
490 807
490 818
491 492
491 670
492 493
492 573
492 601
492 644
492 676
492 693
492 816
492 820
492 905
492 982
493 494
493 604
493 741
493 895
493 922
493 930
494 495
494 609
494 637
494 658
494 921
495 496
495 618
495 653
495 808
495 967
496 497
496 587
496 659
496 779
496 858
496 962
497 498
497 517
497 622
497 627
497 876
497 948
498 499
498 543
498 689
498 796
498 854
498 942
498 961
499 500
499 611
499 627
499 648
499 825
499 847
499 874
499 883
499 889
500 501
500 642
500 795
500 895
501 502
501 629
501 892
501 902
502 503
502 617
502 644
502 703
502 743
502 757
503 504
503 513
503 556
503 594
503 709
503 734
503 828
503 831
503 844
503 849
503 876
503 960
504 505
504 690
504 746
504 802
505 506
505 558
505 617
505 681
505 686
505 895
505 914
505 948
505 954
506 507
506 513
506 866
506 894
507 508
507 528
507 540
507 563
507 604
507 625
507 667
507 687
507 736
507 768
507 930
508 509
508 633
508 824
508 859
508 940
509 510
509 540
509 607
509 620
509 637
509 862
510 511
510 612
510 614
510 626
510 642
510 769
510 792
510 906
510 997
511 512
511 524
511 741
511 860
512 513
512 524
512 570
512 673
512 809
512 925
513 514
513 549
513 619
513 708
513 849
514 515
514 680
514 754
514 836
514 852
514 939
514 952
515 516
515 675
515 754
515 874
515 883
515 909
516 517
516 720
516 960
517 518
517 565
517 624
517 668
517 919
518 519
518 566
518 634
518 702
518 753
518 982
519 520
519 524
519 557
520 521
520 645
520 863
520 865
520 908
520 994
521 522
521 557
521 577
521 588
521 738
521 793
521 805
521 854
522 523
522 567
522 617
522 953
522 956
522 958
523 524
523 713
523 852
523 962
524 525
524 685
524 744
524 837
524 920
524 983
524 985
524 993
525 526
525 753
525 849
525 900
526 527
526 641
526 647
527 528
527 557
527 636
527 965
528 529
528 908
528 926
528 988
529 530
529 617
529 715
529 777
529 822
529 990
530 531
530 603
530 652
530 742
530 765
530 812
531 532
531 538
531 555
531 603
531 683
531 868
531 956
532 533
532 707
532 831
533 534
533 764
534 535
534 590
534 823
534 928
534 937
534 939
535 536
535 593
535 864
535 943
536 537
536 573
536 598
536 772
536 810
536 992
536 997
537 538
537 744
537 762
537 833
537 996
538 539
538 818
538 824
539 540
539 675
539 825
539 855
539 878
540 541
540 578
540 602
540 611
540 627
540 710
540 799
540 803
540 816
540 828
540 885
541 542
541 603
541 650
541 680
541 752
541 848
542 543
542 608
542 652
542 732
543 544
543 614
543 725
543 740
543 836
543 894
544 545
544 628
544 730
544 772
544 818
544 837
544 957
545 546
546 547
546 563
546 569
546 571
546 583
546 801
547 548
547 636
547 642
547 648
547 649
547 694
547 779
547 909
547 910
547 975
548 549
548 639
548 695
548 861
548 972
548 978
548 990
549 550
549 720
549 956
549 976
549 979
549 992
550 551
550 627
550 822
550 942
551 552
551 573
551 726
551 800
551 834
551 932
552 553
552 567
552 752
552 839
552 938
552 953
552 975
553 554
553 589
553 821
553 864
553 961
554 555
554 565
554 711
554 768
554 775
554 778
554 812
554 875
554 907
555 556
555 574
555 717
555 779
555 813
555 836
555 873
555 943
556 557
556 570
556 732
556 941
556 995
557 558
557 589
557 809
558 559
558 647
558 712
558 823
558 870
558 878
558 968
558 992
559 560
559 595
559 668
559 695
559 752
559 915
560 561
560 564
560 577
560 648
560 686
560 989
561 562
561 580
561 607
561 638
561 799
561 964
562 563
562 604
562 683
562 694
562 719
562 790
562 944
563 564
563 718
563 730
563 927
563 934
564 565
564 704
564 761
564 865
564 960
565 566
565 662
565 671
565 874
565 992
565 999
566 567
566 587
566 937
567 568
568 569
568 616
568 674
568 711
568 852
568 894
569 570
569 591
569 843
570 571
570 619
570 638
570 733
570 767
571 572
571 593
571 616
571 651
571 713
571 806
571 884
571 899
571 968
572 573
572 725
573 574
573 632
573 921
574 575
574 672
574 730
574 766
574 779
575 576
575 859
575 893
576 577
576 638
576 697
576 766
576 793
576 816
576 894
577 578
577 581
577 741
577 746
577 792
578 579
578 656
578 718
578 980
579 580
579 724
579 975
580 581
580 665
580 734
580 832
581 582
581 595
581 647
581 676
581 707
581 757
581 775
581 922
581 974
582 583
582 617
582 702
582 853
582 883
583 584
583 804
583 982
583 989
584 585
584 616
584 635
584 644
584 735
584 746
584 789
584 858
584 914
585 586
585 753
585 867
586 587
586 690
586 796
586 848
586 981
587 588
587 888
587 953
587 972
588 589
588 672
589 590
589 604
589 618
589 823
589 897
590 591
590 755
590 893
591 592
591 655
591 676
591 696
591 787
591 899
591 922
591 962
592 593
592 676
592 686
592 705
592 783
592 926
592 932
592 974
593 594
593 729
593 743
593 861
594 595
594 708
594 739
594 812
594 901
595 596
595 788
595 815
595 861
595 882
596 597
596 677
596 704
596 712
596 730
596 901
597 598
597 757
597 905
598 599
598 622
598 710
598 951
598 962
599 600
599 792
599 893
599 927
600 601
600 653
600 716
601 602
601 825
601 904
601 915
601 992
602 603
602 651
602 670
603 604
603 830
603 901
603 912
603 918
603 931
604 605
604 614
604 719
604 803
604 975
605 606
605 703
605 904
605 916
605 917
606 607
606 654
606 778
606 780
606 990
607 608
607 803
607 978
608 609
608 641
608 805
608 956
609 610
609 675
609 710
609 729
609 874
609 976
610 611
610 682
610 776
610 797
610 972
611 612
611 721
611 795
611 960
612 613
612 622
612 766
612 987
613 614
613 661
613 902
613 983
614 615
614 651
614 747
614 773
614 819
615 616
615 745
615 914
615 979
616 617
616 733
616 762
616 927
616 938
616 989
617 618
617 648
617 738
617 786
617 918
618 619
618 781
618 842
618 845
618 890
618 933
619 620
619 769
619 820
619 973
620 621
620 733
620 747
620 768
620 821
621 622
621 681
621 691
621 798
621 883
621 902
621 935
621 942
622 623
622 775
622 807
622 886
622 902
622 986
623 624
623 718
623 788
623 936
624 625
624 747
624 819
624 951
624 984
625 626
625 644
625 649
625 730
625 789
626 627
626 809
626 833
626 859
626 941
626 951
627 628
627 663
627 747
627 834
627 965
627 966
627 990
628 629
628 646
628 754
628 812
628 916
628 969
629 630
629 862
629 871
630 631
630 989
631 632
631 645
631 847
631 950
632 633
632 635
632 759
632 801
632 850
632 921
632 993
633 634
633 757
633 822
633 922
633 978
634 635
635 636
635 637
635 672
635 718
635 726
635 785
635 944
635 978
635 996
636 637
637 638
637 804
637 811
637 944
638 639
638 709
638 824
638 833
639 640
639 737
639 917
639 930
639 978
639 980
640 641
640 859
641 642
641 734
641 779
641 792
641 796
641 803
641 867
642 643
642 662
642 721
642 739
642 785
642 944
643 644
643 669
643 685
643 747
643 797
643 800
643 877
643 967
644 645
644 720
644 731
645 646
645 667
645 717
645 820
645 991
646 647
646 772
646 837
646 838
646 841
646 876
646 944
647 648
647 781
647 977
648 649
648 691
648 717
648 834
649 650
649 673
649 809
650 651
650 798
650 871
650 917
650 938
650 965
651 652
651 678
651 830
651 864
651 976
651 998
652 653
652 981
653 654
653 660
653 917
653 923
654 655
654 753
654 768
654 805
654 972
655 656
655 690
655 826
655 951
656 657
656 671
656 680
656 710
656 717
656 858
656 920
657 658
657 670
657 692
657 831
657 883
658 659
658 834
658 837
658 866
658 872
659 660
659 754
659 843
659 887
660 661
660 719
660 844
661 662
661 725
661 809
661 857
661 962
661 985
662 663
662 735
662 924
662 984
662 998
663 664
663 743
663 778
663 885
663 931
663 976
664 665
664 723
664 841
664 921
665 666
665 888
665 920
665 933
666 667
666 771
666 931
667 668
667 703
667 716
667 801
667 810
667 970
668 669
668 693
668 894
668 983
669 670
669 901
669 921
669 932
670 671
670 750
670 810
670 955
670 992
671 672
671 690
671 691
671 703
671 910
671 940
672 673
672 784
672 833
672 980
673 674
673 765
673 807
673 911
673 953
674 675
674 682
674 752
674 845
674 924
675 676
675 687
675 730
675 734
675 809
675 901
675 991
676 677
676 802
676 908
676 931
676 981
676 984
676 992
677 678
677 862
677 898
678 679
678 715
678 746
678 920
679 680
679 757
679 774
679 782
679 860
679 905
680 681
680 707
680 845
680 889
681 682
681 797
681 813
681 832
681 835
681 880
681 886
682 683
682 800
682 815
682 848
682 853
682 938
682 949
682 953
683 684
683 704
683 896
684 685
685 686
685 699
686 687
686 695
686 731
686 794
686 969
687 688
687 748
688 689
688 720
688 826
688 859
688 930
689 690
689 696
689 755
689 877
689 953
690 691
691 692
691 890
691 892
692 693
692 844
692 849
692 925
692 963
693 694
693 757
693 999
694 695
694 900
695 696
695 783
696 697
696 699
696 729
696 784
696 830
697 698
698 699
698 806
698 880
698 953
699 700
699 775
699 911
700 701
700 719
700 777
700 851
700 882
700 963
701 702
701 719
702 703
702 712
702 866
703 704
703 897
704 705
704 737
704 938
705 706
705 729
705 982
706 707
706 964
707 708
707 792
708 709
708 819
708 862
709 710
709 732
709 750
709 759
709 810
709 831
710 711
710 917
711 712
711 764
711 861
711 975
712 713
712 745
712 793
712 795
713 714
713 905
713 928
714 715
714 756
714 758
714 777
714 811
714 857
714 871
715 716
715 728
715 770
715 822
716 717
716 769
716 940
716 943
717 718
717 731
717 802
717 853
717 951
718 719
718 771
718 961
719 720
719 836
719 857
719 866
719 908
720 721
720 863
720 900
720 936
720 948
721 722
721 788
721 820
721 831
721 858
722 723
722 737
722 803
722 827
722 894
722 924
723 724
723 848
723 909
723 915
723 928
723 958
724 725
724 925
725 726
725 845
725 850
726 727
726 909
726 921
726 943
726 983
727 728
727 730
727 776
727 992
728 729
728 781
728 784
728 957
729 730
730 731
730 801
731 732
731 743
731 815
731 820
731 880
731 884
731 956
732 733
732 793
732 823
732 866
732 921
732 947
732 955
733 734
733 746
733 946
733 959
733 967
734 735
734 743
735 736
735 838
735 891
736 737
736 787
736 951
737 738
737 931
738 739
738 905
738 970
739 740
739 777
740 741
740 783
740 850
740 860
741 742
741 808
742 743
742 798
742 828
743 744
743 876
744 745
744 755
744 934
745 746
745 787
745 948
745 966
746 747
746 807
746 860
746 890
747 748
747 789
747 825
747 996
747 997
748 749
748 758
749 750
749 761
749 860
749 903
749 933
749 972
750 751
750 904
751 752
751 864
752 753
753 754
753 870
753 983
754 755
754 852
754 892
754 899
754 965
755 756
756 757
756 856
757 758
757 951
758 759
758 911
759 760
759 770
759 840
759 960
760 761
760 795
760 831
760 932
760 964
761 762
761 861
761 892
762 763
762 854
762 914
762 993
763 764
763 814
763 846
763 917
764 765
764 770
764 864
764 916
764 944
764 980
765 766
765 914
766 767
766 797
766 970
766 994
767 768
768 769
768 771
768 901
768 910
768 943
769 770
769 787
769 818
769 901
769 941
770 771
770 810
770 853
770 875
770 883
770 981
770 994
771 772
771 854
771 934
772 773
772 833
772 840
772 898
772 966
773 774
773 939
774 775
774 782
774 788
774 929
775 776
775 944
776 777
776 939
777 778
777 830
777 959
777 991
778 779
779 780
779 989
780 781
780 902
781 782
782 783
782 956
782 994
783 784
783 792
784 785
784 795
784 832
785 786
785 823
785 927
785 949
786 787
786 802
786 869
786 880
786 943
786 944
787 788
787 965
788 789
789 790
789 807
790 791
790 829
790 830
790 854
790 887
791 792
791 907
791 940
792 793
792 904
793 794
793 909
793 977
794 795
794 906
794 996
795 796
796 797
796 811
796 863
796 971
797 798
797 825
798 799
798 823
798 899
798 936
799 800
800 801
800 824
800 962
801 802
801 810
801 880
801 996
802 803
802 820
802 967
803 804
803 888
804 805
804 969
805 806
805 813
805 951
806 807
806 857
806 956
806 967
807 808
808 809
808 916
808 972
809 810
809 883
810 811
810 828
810 944
810 995
811 812
811 975
812 813
812 836
812 860
813 814
813 861
813 891
813 910
813 935
814 815
814 841
815 816
815 912
815 928
816 817
816 832
816 849
816 881
817 818
817 888
818 819
818 979
819 820
820 821
821 822
821 901
821 982
822 823
822 907
822 965
822 978
823 824
823 939
823 997
824 825
824 944
825 826
825 926
826 827
826 912
826 946
827 828
828 829
829 830
829 856
830 831
830 866
830 986
831 832
831 925
831 970
831 987
832 833
832 959
833 834
833 965
833 966
834 835
834 943
835 836
835 938
836 837
836 954
836 992
837 838
837 849
837 923
837 987
838 839
838 883
838 920
838 930
838 968
838 982
839 840
839 883
839 981
840 841
840 862
840 936
841 842
841 976
842 843
843 844
843 908
843 941
844 845
844 889
844 914
844 945
845 846
846 847
847 848
847 960
847 970
847 997
848 849
848 898
848 943
849 850
849 906
849 907
849 939
850 851
850 950
850 957
850 973
851 852
852 853
852 859
853 854
854 855
854 965
855 856
855 994
856 857
856 867
856 993
857 858
857 929
857 998
858 859
858 988
858 997
859 860
859 942
859 949
860 861
860 981
861 862
861 888
862 863
863 864
863 940
864 865
865 866
865 897
866 867
866 922
866 927
867 868
867 978
868 869
869 870
869 966
870 871
870 989
871 872
871 882
872 873
872 955
873 874
874 875
874 932
874 944
874 999
875 876
875 906
875 925
875 966
876 877
876 944
877 878
877 966
878 879
879 880
879 970
880 881
880 913
880 986
881 882
881 926
882 883
883 884
883 926
883 952
883 953
883 991
884 885
884 996
885 886
885 938
886 887
887 888
888 889
888 985
889 890
889 917
890 891
891 892
891 929
892 893
893 894
894 895
895 896
895 959
896 897
896 901
896 903
896 906
897 898
897 934
897 975
898 899
898 973
899 900
899 997
900 901
900 907
900 953
901 902
901 916
902 903
902 986
903 904
903 931
903 946
903 973
904 905
905 906
905 908
905 973
905 991
906 907
906 955
907 908
907 943
908 909
908 966
909 910
909 960
909 967
910 911
911 912
912 913
913 914
914 915
915 916
916 917
916 929
917 918
917 952
918 919
919 920
920 921
920 968
921 922
922 923
923 924
924 925
924 999
925 926
925 999
926 927
926 934
926 977
927 928
928 929
929 930
929 949
930 931
931 932
932 933
932 948
932 977
932 978
932 989
933 934
933 936
934 935
935 936
935 988
936 937
937 938
938 939
939 940
940 941
940 983
941 942
941 953
941 954
942 943
943 944
944 945
945 946
946 947
947 948
948 949
948 975
949 950
950 951
951 952
952 953
953 954
953 966
954 955
955 956
956 957
957 958
958 959
958 974
959 960
960 961
961 962
962 963
963 964
964 965
965 966
966 967
967 968
968 969
969 970
970 971
970 984
971 972
972 973
973 974
974 975
975 976
976 977
977 978
977 981
978 979
979 980
980 981
981 982
982 983
983 984
984 985
985 986
986 987
987 988
988 989
989 990
990 991
991 992
992 993
993 994
994 995
995 996
996 997
997 998
998 999
999 0
